4294967278,19
4294967279,348
4294967278,22
4294967278,21
4294967278,20
4294967279,347
4294967279,346
4294967294,37
4294967294,430
4294967279,345
4294967279,174
4294967278,542
4294967279,344
4294967278,25
4294967278,24
4294967278,23
4294967279,343
4294967278,33
4294967278,32
4294967278,31
4294967278,30
4294967278,29
4294967278,28
4294967278,27
4294967278,26
4294967278,541
13,4
4294967279,342
4294967279,341
4294967294,387
4294967294,388
4294967278,540
4294967279,340
4294967278,539
4294967278,538
4294967279,339
4294967278,203
4294967278,202
13,6
4294967278,199
4294967278,201
4294967278,200
13,3
13,2
13,1
4294967278,537
4294967279,338
12,5
12,4
4294967278,536
4294967279,337
4294967278,535
4294967279,336
4294967278,534
4294967278,193
4294967278,192
12,6
4294967278,191
12,3
12,2
12,1
4294967279,335
4294967278,190
4294967278,533
4294967278,35
4294967278,34
4294967279,334
4294967278,532
11,5
4294967278,531
4294967278,184
4294967279,333
4294967278,530
11,6
11,0
4294967278,314
4294967279,332
4294967278,38
4294967278,37
4294967278,36
4294967278,529
4294967278,312
4294967278,180
4294967278,528
4294967279,331
4294967278,311
4294967279,330
4294967278,527
4294967278,40
4294967278,39
4294967279,329
4294967278,526
4294967279,328
4294967278,525
4294967278,42
4294967278,41
4294967279,302
4294967279,42
4294967279,41
4294967279,38
4294967279,37
4294967279,35
4294967279,32
4294967279,31
4294967279,30
4294967279,29
4294967279,27
4294967279,26
4294967279,25
4294967279,24
4294967278,310
4294967278,172
4294967279,327
4294967278,308
4294967278,307
4294967278,524
4294967294,1
4294967278,167
4294967294,392
4294967294,46
4294967294,389
4294967294,390
4294967294,120
4294967294,114
4294967278,306
4294967279,326
4294967278,523
4294967279,325
4294967278,522
4294967279,324
4294967278,521
4294967279,323
4294967278,304
4294967278,520
4294967278,160
4294967278,159
4294967278,519
4294967278,158
4294967278,156
4294967294,94
4294967294,96
4294967279,156
11,4
11,3
11,2
11,1
4294967278,518
4294967279,155
4294967294,8
0,7
4294967279,21
4294967279,19
4294967279,17
4294967279,15
4294967279,14
4294967279,13
4294967279,11
9,2
4294967279,322
4294967278,517
4294967279,321
4294967278,516
4294967279,320
4294967294,907
4294967294,441
4294967294,107
4294967294,99
4294967294,76
4294967294,42
4294967294,90
4294967294,86
4294967294,85
4294967294,954
4294967294,393
4294967294,44
4294967279,291
4294967279,319
4294967279,290
10,0
4294967279,318
4294967279,260
4294967279,0
4294967294,43
4294967278,515
4294967278,260
4294967278,0
4294967294,18
4294967294,126
4294967294,20
4294967294,13
4294967294,417
4294967294,52
4294967294,966
4294967294,964
4294967294,917
4294967294,903
4294967294,176
4294967294,82
4294967294,92
4294967294,88
4294967294,30
4294967294,946
4294967294,945
4294967294,943
4294967294,942
4294967294,937
4294967294,926
4294967294,898
4294967294,896
4294967294,438
4294967294,831
4294967294,830
4294967294,60
4294967294,965
4294967294,963
4294967294,912
4294967294,423
4294967294,908
4294967294,186
4294967294,22
4294967294,17
4294967294,9
4294967294,414
4294967294,470
4294967294,2
4294967294,0
4294967294,468
4294967294,91
4294967294,87
4294967294,84
4294967294,1416
4294967294,972
4294967294,953
4294967294,29
4294967294,924
4294967294,28
4294967294,923
4294967294,27
4294967294,53
4294967294,45
4294967294,39
4294967294,41
4294967294,36
4294967278,514
4294967279,298
4294967294,7
4294967278,513
4294967294,190
4294967294,173
4294967294,170
4294967294,163
4294967294,955
4294967294,469
9,4
4294967278,132
4294967278,131
4294967278,130
4294967278,129
4294967278,128
4294967278,127
4294967278,126
4294967278,125
4294967278,124
4294967278,123
4294967278,122
4294967278,121
4294967278,120
4294967278,119
4294967278,118
4294967278,117
4294967278,116
4294967278,115
4294967278,114
4294967278,113
4294967278,112
4294967278,111
4294967278,110
4294967278,109
4294967278,108
4294967278,107
4294967278,106
4294967278,105
4294967278,104
4294967278,103
4294967278,102
4294967278,101
4294967278,100
4294967278,99
4294967278,98
4294967278,97
4294967278,96
4294967278,95
4294967278,94
4294967278,93
4294967278,92
4294967278,91
4294967278,90
4294967278,89
4294967278,87
4294967278,86
4294967278,85
4294967278,84
4294967278,83
4294967278,82
4294967278,81
4294967278,80
4294967278,79
4294967278,78
4294967278,77
4294967278,76
4294967278,75
4294967278,74
4294967278,73
4294967278,72
4294967278,71
4294967278,70
4294967278,69
4294967278,68
4294967278,67
4294967278,66
4294967278,65
4294967278,64
4294967278,63
4294967278,62
4294967278,61
4294967278,60
4294967278,59
4294967278,58
4294967278,57
4294967278,56
4294967278,55
4294967278,54
4294967278,53
4294967278,52
4294967278,51
4294967278,50
